Route_0
30.48757	-97.6893	503
30.48757	-97.6893	503
30.49079	-97.6807	448
30.48528	-97.67149	937
30.44528	-97.66826	764
30.3787	-97.6772	904
30.3162	-97.71192	371
30.3138	-97.71991	846
30.3138	-97.71991	846
30.31254	-97.72101	107
30.31254	-97.72101	107
30.30798	-97.72197	238
30.30764	-97.71953	46
30.30764	-97.71953	46
30.30666	-97.72434	805
30.30666	-97.72434	805
30.30666	-97.72434	805
30.3083	-97.72498	308
30.30708	-97.72567	487
30.30556	-97.72568	239
30.29244	-97.72999	8
30.29068	-97.72863	423
30.26914	-97.73417	895
30.22668	-97.74386	710
30.241	-97.7525	898
30.24514	-97.7515	753
30.24514	-97.7515	753
30.24514	-97.7515	753
30.24701	-97.74487	42
30.25842	-97.7284	694
30.25842	-97.7284	694
30.2702	-97.71713	244
30.27678	-97.71249	327
30.27678	-97.71249	327
30.27678	-97.71249	327
30.27678	-97.71249	327
30.25919	-97.69315	770
30.21624	-97.73703	749
30.21624	-97.73703	749
30.21624	-97.73703	749
30.21624	-97.73703	749
30.24192	-97.78188	447
30.25127	-97.77689	383
30.25127	-97.77689	383
30.25266	-97.77701	569
30.25266	-97.77701	569
30.25266	-97.77701	569
30.25891	-97.77289	468
30.25891	-97.77289	468
30.5252	-97.68692	796
30.5252	-97.68692	796
30.5252	-97.68692	796
30.53858	-97.70866	331
30.54452	-97.70398	553
30.54459	-97.70903	121
30.52976	-97.71704	315
30.5297	-97.71896	950
30.5297	-97.71896	950
30.51977	-97.69849	141
30.48915	-97.69608	924
Route_1
30.37226	-97.73289	511
30.37226	-97.73289	511
30.37226	-97.73289	511
30.38118	-97.72756	765
30.38118	-97.72756	765
30.38118	-97.72756	765
30.37426	-97.72675	771
30.37426	-97.72675	771
30.37426	-97.72675	771
30.28719	-97.71906	154
30.28719	-97.71906	154
30.28719	-97.71906	154
30.29183	-97.71736	626
30.29325	-97.71604	913
30.29325	-97.71604	913
30.29325	-97.71604	913
30.29325	-97.71604	913
30.29325	-97.71604	913
30.2955	-97.71768	933
30.29949	-97.71806	277
30.29949	-97.71806	277
30.30677	-97.71942	537
30.30677	-97.71942	537
30.30677	-97.71942	537
30.3057	-97.71668	610
30.3057	-97.71668	610
30.30453	-97.70965	829
30.30453	-97.70965	829
30.30226	-97.70802	589
30.29922	-97.70023	287
30.29964	-97.69938	442
30.30133	-97.69861	887
30.30133	-97.69861	887
30.32239	-97.69377	962
30.32239	-97.69377	962
30.32239	-97.69377	962
30.3574	-97.68636	712
30.39819	-97.66712	515
30.40838	-97.67869	784
30.4125	-97.68358	168
30.4206	-97.7015	701
30.43053	-97.71422	473
30.43053	-97.71422	473
30.42941	-97.72899	92
30.41119	-97.72641	246
30.41099	-97.74348	22
30.4207	-97.75552	203
30.42454	-97.76196	352
30.42559	-97.75367	823
30.42559	-97.75367	823
30.42559	-97.75367	823
30.42559	-97.75367	823
30.42559	-97.75367	823
30.32958	-97.787	344
30.32958	-97.787	344
30.32958	-97.787	344
30.33121	-97.80058	101
30.33121	-97.80058	101
30.33121	-97.80058	101
30.37226	-97.73289	511
Route_2
30.28374	-97.74708	901
30.287	-97.74163	855
30.287	-97.74163	855
30.28702	-97.74163	361
30.28702	-97.74163	361
30.28702	-97.74163	361
30.28517	-97.71357	285
30.28593	-97.68153	782
30.28964	-97.64374	317
30.28174	-97.62247	932
30.28132	-97.62907	386
30.28132	-97.62907	386
30.28132	-97.62907	386
30.2784	-97.62336	312
30.2784	-97.62336	312
30.2595	-97.57303	52
30.2595	-97.57303	52
30.2595	-97.57303	52
30.2595	-97.57303	52
30.26034	-97.57456	539
30.26025	-97.57568	295
30.1208	-97.6347	902
30.11475	-97.69442	762
30.13814	-97.80012	359
30.13814	-97.80012	359
30.13814	-97.80012	359
30.13814	-97.80012	359
30.13814	-97.80012	359
30.14026	-97.83336	897
30.14026	-97.83336	897
30.14026	-97.83336	897
30.14026	-97.83336	897
30.14026	-97.83336	897
30.14026	-97.83336	897
30.14026	-97.83336	897
30.14253	-97.83417	885
30.14253	-97.83417	885
30.14916	-97.84238	840
30.14916	-97.84238	840
30.14916	-97.84238	840
30.14916	-97.84238	840
30.14916	-97.84238	840
30.14916	-97.84238	840
30.16524	-97.86096	103
30.16524	-97.86096	103
30.16524	-97.86096	103
30.17188	-97.86569	512
30.17188	-97.86569	512
30.1829	-97.8497	934
30.1829	-97.8497	934
30.17487	-97.82683	506
30.17499	-97.8215	720
30.17499	-97.8215	720
30.1746	-97.80585	193
30.1729	-97.79505	548
30.16111	-97.79079	817
30.20031	-97.73331	215
30.20031	-97.73331	215
30.37291	-97.72465	714
30.28374	-97.74708	901
Route_3
30.20289	-97.83793	830
30.20289	-97.83793	830
30.20289	-97.83793	830
30.20289	-97.83793	830
30.20289	-97.83793	830
30.20289	-97.83793	830
30.20289	-97.83793	830
30.20289	-97.83793	830
30.20589	-97.83078	360
30.31325	-97.66349	861
30.31325	-97.66349	861
30.31325	-97.66349	861
30.3483	-97.62104	516
30.3483	-97.62104	516
30.3463	-97.61842	635
30.35715	-97.61196	570
30.35715	-97.61196	570
30.33411	-97.64754	494
30.29167	-97.66913	366
30.29167	-97.66913	366
30.28132	-97.67698	490
30.28132	-97.67698	490
30.28132	-97.67698	490
30.28132	-97.67698	490
30.28132	-97.67698	490
30.27996	-97.67051	245
30.27996	-97.67051	245
30.23385	-97.69347	960
30.22413	-97.69616	269
30.21987	-97.70262	33
30.22363	-97.70349	665
30.2257	-97.76024	761
30.23405	-97.76217	44
30.23405	-97.76217	44
30.23655	-97.76597	581
30.23903	-97.76438	575
30.23903	-97.76438	575
30.24344	-97.76435	973
30.2444	-97.7642	235
30.2416	-97.7593	719
30.2416	-97.7593	719
30.24474	-97.75853	417
30.2535	-97.75424	7
30.2535	-97.75424	7
30.2535	-97.75424	7
30.25572	-97.75592	163
30.25437	-97.75798	335
30.27451	-97.78127	143
30.27387	-97.79118	128
30.27387	-97.79118	128
30.27934	-97.79505	409
30.26417	-97.80525	628
30.26417	-97.80525	628
30.26417	-97.80525	628
30.26809	-97.80841	567
30.26809	-97.80841	567
30.26753	-97.80868	373
30.26753	-97.80868	373
30.26924	-97.79915	170
30.20289	-97.83793	830
Route_4
30.2881	-97.74938	597
30.2881	-97.74938	597
30.29075	-97.74572	47
30.29075	-97.74572	47
30.29075	-97.74572	47
30.29075	-97.74572	47
30.29075	-97.74572	47
30.2746	-97.75195	822
30.2746	-97.75195	822
30.27311	-97.75359	949
30.27311	-97.75359	949
30.27311	-97.75359	949
30.27311	-97.75359	949
30.2706	-97.75363	976
30.2706	-97.75363	976
30.22258	-97.8648	205
30.22761	-97.87582	227
30.22761	-97.87582	227
30.22761	-97.87582	227
30.22787	-97.87054	477
30.22787	-97.87054	477
30.22787	-97.87054	477
30.23551	-97.84037	864
30.23551	-97.84037	864
30.23551	-97.84037	864
30.23551	-97.84037	864
30.23551	-97.84037	864
30.23551	-97.84037	864
30.23633	-97.8208	917
30.23633	-97.8208	917
30.31038	-97.75373	605
30.31038	-97.75373	605
30.31038	-97.75373	605
30.30778	-97.74125	786
30.31874	-97.73044	905
30.3185	-97.73039	356
30.33208	-97.71866	74
30.33092	-97.7155	722
30.34593	-97.71606	248
30.347	-97.71769	250
30.347	-97.71769	250
30.36435	-97.71634	931
30.36435	-97.71634	931
30.36597	-97.69802	919
30.37058	-97.69624	580
30.37058	-97.69624	580
30.37379	-97.7017	71
30.37412	-97.69695	682
30.37412	-97.69695	682
30.3717	-97.68327	78
30.3717	-97.68327	78
30.378	-97.68692	150
30.38065	-97.68328	425
30.38418	-97.69275	731
30.3875	-97.69625	268
30.395	-97.72735	922
30.3996	-97.74317	735
30.3996	-97.74317	735
30.43937	-97.69627	797
30.29201	-97.75508	144
Route_5
30.50121	-97.70523	558
30.50121	-97.70523	558
30.50026	-97.68561	852
30.50026	-97.68561	852
30.57658	-97.6662	133
30.57658	-97.6662	133
30.57658	-97.6662	133
30.57732	-97.66411	380
30.57732	-97.66411	380
30.57929	-97.66106	259
30.57929	-97.66106	259
30.57929	-97.66106	259
30.50622	-97.65532	431
30.50622	-97.65532	431
30.24226	-97.78396	758
30.24226	-97.78396	758
30.24226	-97.78396	758
30.24226	-97.78396	758
30.24226	-97.78396	758
30.24226	-97.78396	758
30.23637	-97.78243	54
30.23637	-97.78243	54
30.2363	-97.78421	385
30.2363	-97.78421	385
30.21838	-97.79322	559
30.21838	-97.79322	559
30.21686	-97.79651	680
30.21393	-97.80264	147
30.21393	-97.80264	321
30.21393	-97.80264	321
30.21393	-97.80264	147
30.21393	-97.80264	321
30.21393	-97.80264	147
30.20836	-97.79804	15
30.20836	-97.79804	15
30.20836	-97.79804	15
30.20286	-97.78936	451
30.20479	-97.78874	290
30.20479	-97.78874	290
30.2074	-97.7972	899
30.20218	-97.80607	766
30.20218	-97.80607	766
30.20218	-97.80607	766
30.20218	-97.80607	766
30.20218	-97.80607	766
30.20218	-97.80607	766
30.20218	-97.80607	766
30.20732	-97.80724	98
30.20732	-97.80724	98
30.20968	-97.80667	384
30.20968	-97.80667	587
30.21075	-97.80936	481
30.21075	-97.80936	481
30.21075	-97.80936	481
30.20833	-97.81064	155
30.20833	-97.81064	155
30.20962	-97.81776	372
30.20962	-97.81776	372
30.20848	-97.81719	28
30.48948	-97.70451	623
Route_6
30.29578	-97.83002	783
30.28349	-97.83235	617
30.28349	-97.83235	617
30.28394	-97.83285	674
30.28269	-97.83984	180
30.28213	-97.843	654
30.28213	-97.843	654
30.28223	-97.84566	557
30.28282	-97.84716	127
30.28286	-97.84851	29
30.27979	-97.84556	223
30.27922	-97.84472	424
30.27762	-97.84446	422
30.27762	-97.84446	422
30.27455	-97.84315	675
30.27455	-97.84315	675
30.28004	-97.84258	131
30.28004	-97.84258	131
30.28512	-97.84682	112
30.28625	-97.84599	410
30.28269	-97.83984	180
30.28488	-97.83557	330
30.28488	-97.83557	330
30.28488	-97.83557	330
30.27777	-97.83323	61
30.28842	-97.83401	178
30.28394	-97.83285	674
30.22403	-97.7639	717
30.22403	-97.7639	717
30.22403	-97.7639	717
30.22403	-97.7639	717
30.22365	-97.76289	900
30.22365	-97.76289	900
30.22365	-97.76289	900
30.22251	-97.76487	963
30.22251	-97.76487	963
30.22251	-97.76487	963
30.1968	-97.7778	756
30.1968	-97.7778	756
30.1968	-97.7778	756
30.19147	-97.78455	655
30.18254	-97.78909	156
30.18254	-97.78909	156
30.18254	-97.78909	156
30.19341	-97.78972	499
30.19341	-97.78972	499
30.19653	-97.78601	896
30.20017	-97.78639	815
30.20017	-97.78639	815
30.20017	-97.78639	815
30.2174	-97.78403	247
30.2174	-97.78403	247
30.23747	-97.77376	11
30.24309	-97.77616	338
30.24723	-97.77849	401
30.24723	-97.77849	401
30.24723	-97.77849	401
30.24886	-97.76969	748
30.4059	-97.71975	742
30.29578	-97.83002	783
Route_7
30.20938	-97.86238	666
30.20938	-97.86238	666
30.20299	-97.87899	763
30.20299	-97.87899	763
30.20299	-97.87899	763
30.20299	-97.87899	763
30.20299	-97.87899	763
30.21806	-97.86085	230
30.21806	-97.86085	230
30.21806	-97.86085	230
30.21806	-97.86085	230
30.21806	-97.86085	230
30.21176	-97.84895	621
30.20313	-97.85762	525
30.19151	-97.83472	400
30.19151	-97.83472	400
30.19112	-97.83246	968
30.19112	-97.83246	968
30.19112	-97.83246	968
30.19112	-97.83246	968
30.18915	-97.82854	6
30.18656	-97.82929	225
30.18656	-97.82929	225
30.18036	-97.82813	593
30.18036	-97.82813	593
30.18036	-97.82813	593
30.18036	-97.82813	593
30.17883	-97.82396	283
30.18621	-97.82247	368
30.19418	-97.82242	497
30.20305	-97.82066	504
30.20305	-97.82066	504
30.2084	-97.8176	820
30.2084	-97.8176	820
30.22977	-97.82035	876
30.22977	-97.82035	876
30.22977	-97.82035	876
30.22977	-97.82035	876
30.22977	-97.82035	876
30.22977	-97.82035	876
30.23633	-97.8208	917
30.23633	-97.8208	917
30.23633	-97.8208	917
30.2798	-97.82589	187
30.2798	-97.82589	187
30.22044	-97.80104	195
30.21805	-97.80654	207
30.20979	-97.79328	63
30.20979	-97.79328	63
30.20979	-97.79328	63
30.21154	-97.79404	272
30.21686	-97.79651	85
30.23732	-97.78361	231
30.2533	-97.7716	164
30.25656	-97.76975	509
30.25656	-97.76975	509
30.2554	-97.76856	540
30.25371	-97.76642	583
30.25371	-97.76642	583
30.44436	-97.70986	734
Route_8
30.31195	-97.7499	513
30.30888	-97.75012	595
30.30888	-97.75012	595
30.30888	-97.75012	595
30.34434	-97.82473	450
30.35715	-97.85815	105
30.35715	-97.85815	105
30.36131	-97.85814	657
30.37747	-97.84736	478
30.37747	-97.84736	478
30.37747	-97.84736	478
30.37747	-97.84736	478
30.37712	-97.84816	565
30.37712	-97.84816	565
30.37712	-97.84816	565
30.37539	-97.84892	38
30.37552	-97.79257	58
30.37882	-97.78707	329
30.38389	-97.75108	118
30.38389	-97.75108	118
30.37878	-97.75105	676
30.3765	-97.74963	208
30.3765	-97.74963	208
30.3765	-97.74963	208
30.37413	-97.74075	711
30.21935	-97.80861	615
30.21972	-97.80943	135
30.21972	-97.80943	135
30.2166	-97.81443	584
30.2158	-97.81266	573
30.2158	-97.81266	573
30.2158	-97.81266	573
30.2158	-97.81266	573
30.2139	-97.8068	190
30.21446	-97.80956	151
30.21446	-97.80956	151
30.23226	-97.80508	89
30.2518	-97.8568	725
30.2518	-97.8568	725
30.2518	-97.8568	725
30.2518	-97.8568	725
30.2518	-97.8568	725
30.2518	-97.8568	725
30.2518	-97.8568	725
30.23429	-97.79296	781
30.23429	-97.79296	781
30.23429	-97.79296	781
30.23429	-97.79296	781
30.23429	-97.79296	781
30.23429	-97.79296	781
30.23492	-97.79176	718
30.23492	-97.79176	718
30.23492	-97.79176	718
30.23492	-97.79176	718
30.26119	-97.81092	671
30.26119	-97.81092	671
30.25724	-97.67155	492
30.25724	-97.67155	492
30.25724	-97.67155	492
30.31195	-97.7499	513
Route_9
30.35379	-97.76085	677
30.35372	-97.75426	965
30.35372	-97.75426	965
30.18764	-97.92094	129
30.18486	-97.92098	613
30.18478	-97.92079	348
30.18478	-97.92079	348
30.18467	-97.91749	224
30.18478	-97.92079	348
30.1808	-97.92148	411
30.18645	-97.9278	651
30.1957	-97.90794	603
30.1957	-97.90794	603
30.19364	-97.91053	111
30.20065	-97.916	122
30.22356	-97.88593	669
30.23386	-97.89221	688
30.23902	-97.89177	399
30.23902	-97.89177	399
30.38557	-98.08528	835
30.38557	-98.08528	835
30.35208	-98.06301	744
30.35208	-98.06301	744
30.35208	-98.06301	744
30.30014	-97.95244	100
30.25566	-97.88286	267
30.25566	-97.88286	267
30.25164	-97.87049	486
30.23014	-97.84776	65
30.23014	-97.84776	65
30.22218	-97.83886	869
30.22218	-97.83886	869
30.22218	-97.83886	869
30.2771	-97.74492	704
30.27848	-97.74368	857
30.27848	-97.74368	857
30.28399	-97.73628	958
30.28399	-97.73628	958
30.28157	-97.72293	527
30.28277	-97.72289	273
30.28326	-97.71904	622
30.2946	-97.71186	592
30.2946	-97.71186	592
30.2946	-97.71186	592
30.31309	-97.70652	834
30.31711	-97.70515	785
30.3232	-97.71762	687
30.3232	-97.71762	687
30.3232	-97.71762	687
30.32454	-97.71858	82
30.32268	-97.71944	324
30.32307	-97.72552	882
30.32255	-97.72749	174
30.32386	-97.73605	463
30.32816	-97.73331	507
30.33278	-97.74022	772
30.33588	-97.73949	825
30.35774	-97.73534	928
30.35774	-97.73534	928
30.36425	-97.75308	393
Route_10
30.32854	-97.74272	218
30.3261	-97.73986	966
30.3261	-97.73986	966
30.32492	-97.74155	197
30.32158	-97.74047	91
30.32158	-97.74047	91
30.32158	-97.74047	91
30.29981	-97.74022	776
30.29196	-97.74067	362
30.29196	-97.74067	362
30.29838	-97.74767	737
30.29838	-97.74767	737
30.29838	-97.74767	737
30.29838	-97.74767	737
30.3005	-97.75047	460
30.28138	-97.80302	545
30.29049	-97.8374	221
30.29049	-97.8374	221
30.29049	-97.8374	221
30.34661	-97.80576	427
30.34661	-97.80576	427
30.34661	-97.80576	427
30.34661	-97.80576	427
30.34661	-97.80576	427
30.34661	-97.80576	427
30.29721	-97.82953	907
30.29721	-97.82953	907
30.29721	-97.82953	907
30.29721	-97.82953	907
30.31829	-97.86351	778
30.31829	-97.86351	778
30.31829	-97.86351	778
30.31829	-97.86351	778
30.31829	-97.86351	778
30.32302	-97.85733	254
30.29547	-97.86839	265
30.29547	-97.86839	265
30.24389	-97.87574	30
30.24184	-97.89458	535
30.24035	-97.8976	114
30.24079	-97.90217	34
30.24079	-97.90217	34
30.24079	-97.90217	34
30.24382	-97.90569	619
30.2297	-97.88798	739
30.2297	-97.88798	739
30.2297	-97.88798	739
30.2141	-97.92227	493
30.20425	-97.93861	647
30.20319	-97.93832	253
30.20425	-97.93861	647
30.21458	-97.88524	10
30.21458	-97.88524	10
30.2156	-97.88859	405
30.20748	-97.885	562
30.20412	-97.87126	377
30.32236	-97.75121	343
30.32236	-97.75121	343
30.32236	-97.75121	343
30.32854	-97.74272	218
Route_11
30.46116	-97.81701	927
30.3809	-97.88634	200
30.3809	-97.88634	200
30.37912	-97.89089	109
30.37912	-97.89089	109
30.36612	-97.89161	388
30.36612	-97.89161	388
30.3639	-97.89252	37
30.3639	-97.89252	37
30.36442	-97.89367	429
30.36612	-97.89161	388
30.36612	-97.89161	388
30.36075	-97.88769	630
30.3474	-97.89309	673
30.3496	-97.89269	256
30.35117	-97.88715	591
30.35117	-97.88715	591
30.36815	-97.85634	667
30.36815	-97.85634	667
30.36701	-97.8575	21
30.36701	-97.8575	21
30.46225	-97.82822	476
30.52843	-97.74888	396
30.52843	-97.74888	396
30.52843	-97.74888	396
30.52843	-97.74888	396
30.52185	-97.75576	520
30.52185	-97.75576	520
30.52185	-97.75576	520
30.44422	-97.78881	936
30.28517	-97.71357	285
30.28517	-97.71357	285
30.2913	-97.69501	325
30.29479	-97.69759	624
30.29479	-97.69759	624
30.29922	-97.70023	287
30.29706	-97.70035	392
30.29706	-97.70035	392
30.29706	-97.70035	392
30.29289	-97.70109	381
30.29007	-97.70018	514
30.29056	-97.70013	475
30.29056	-97.70013	534
30.29056	-97.70013	475
30.29056	-97.70013	534
30.29056	-97.70013	534
30.29056	-97.70013	475
30.29056	-97.70013	534
30.29142	-97.70439	94
30.29079	-97.7064	102
30.29276	-97.70628	84
30.29528	-97.70484	663
30.29316	-97.70901	50
30.29316	-97.70901	50
30.29316	-97.70901	50
30.29094	-97.7095	644
30.29094	-97.7095	644
30.28904	-97.70801	702
30.28868	-97.70651	801
30.46116	-97.81701	927
Route_12
30.38918	-97.93274	95
30.38918	-97.93274	95
30.38753	-97.93136	123
30.38753	-97.93136	123
30.38081	-97.93097	35
30.37721	-97.92716	554
30.37721	-97.92716	554
30.37721	-97.92716	554
30.36246	-97.96093	561
30.37052	-97.99198	521
30.37052	-97.99198	521
30.37052	-97.99198	521
30.36123	-97.98445	263
30.35165	-97.77668	426
30.35303	-97.76908	397
30.35406	-97.77046	430
30.35406	-97.77046	430
30.35406	-97.77046	430
30.36198	-97.77065	305
30.36362	-97.76496	462
30.36708	-97.76464	342
30.36661	-97.76071	153
30.37732	-97.75319	402
30.37732	-97.75319	402
30.37719	-97.75572	543
30.37719	-97.75572	543
30.37805	-97.75869	345
30.37805	-97.75869	345
30.37805	-97.75869	345
30.39399	-97.75152	842
30.39399	-97.75152	842
30.18831	-97.86548	434
30.18831	-97.86548	434
30.18831	-97.86548	434
30.19826	-97.86079	364
30.19548	-97.86292	167
30.19548	-97.86292	167
30.19772	-97.86423	326
30.18234	-97.85661	502
30.18234	-97.85661	502
30.18234	-97.85661	502
30.17586	-97.83446	160
30.17586	-97.83446	160
30.17586	-97.83446	160
30.17586	-97.83446	160
30.17586	-97.83446	160
30.18413	-97.81328	146
30.18413	-97.81328	146
30.18413	-97.81328	146
30.18413	-97.81328	146
30.18413	-97.81328	146
30.19685	-97.8124	274
30.19685	-97.8124	274
30.2084	-97.8176	820
30.2084	-97.8176	820
30.2084	-97.8176	820
30.2084	-97.8176	820
30.2084	-97.8176	820
30.2084	-97.8176	820
30.41378	-97.8449	281
Route_13
30.45624	-97.76807	807
30.45306	-97.7764	839
30.45306	-97.7764	839
30.45034	-97.78478	970
30.45034	-97.78478	970
30.45034	-97.78478	970
30.45034	-97.78478	970
30.46045	-97.80032	181
30.45905	-97.80298	480
30.45905	-97.80298	480
30.45905	-97.80298	480
30.4618	-97.79669	870
30.4618	-97.79669	870
30.34803	-97.70334	939
30.33633	-97.70883	600
30.33633	-97.70883	600
30.33731	-97.70692	518
30.33291	-97.70525	826
30.33178	-97.7035	440
30.33178	-97.7035	440
30.32849	-97.70818	923
30.32849	-97.70818	923
30.31199	-97.71076	202
30.2941	-97.72742	302
30.2941	-97.72742	302
30.2951	-97.72951	418
30.2951	-97.72951	418
30.29336	-97.73322	5
30.29381	-97.73535	611
30.25388	-97.83713	189
30.25388	-97.83713	189
30.24914	-97.82688	404
30.24914	-97.82688	404
30.19108	-97.9155	289
30.17806	-97.9486	60
30.17806	-97.9486	60
30.17851	-97.95348	264
30.17129	-97.94306	209
30.17129	-97.94306	209
30.15222	-97.94333	2
30.19944	-97.97434	604
30.1816	-97.97853	243
30.17883	-97.97875	484
30.1791	-97.98188	376
30.18481	-97.99043	656
30.18481	-97.99043	656
30.19445	-97.98759	306
30.19819	-97.98487	299
30.19879	-97.98605	449
30.19879	-97.98605	449
30.19879	-97.98605	449
30.21356	-97.98743	686
30.21356	-97.98743	686
30.21356	-97.98743	686
30.211	-97.96787	863
30.22361	-97.9529	977
30.22361	-97.9529	977
30.22361	-97.9529	977
30.22361	-97.9529	977
30.45624	-97.76807	807
Route_14
30.49005	-97.72364	138
30.49005	-97.72364	138
30.48894	-97.72659	387
30.49329	-97.72304	566
30.46841	-97.80357	827
30.4684	-97.80358	873
30.4684	-97.80358	873
30.46841	-97.80357	827
30.44304	-97.83392	971
30.40227	-97.85554	969
30.35224	-97.95413	467
30.32334	-97.97821	322
30.32071	-97.98339	36
30.32071	-97.98339	36
30.316	-97.9929	522
30.316	-97.9929	522
30.29924	-98.00594	106
30.29924	-98.00594	106
30.28902	-98.03652	173
30.28902	-98.03652	173
30.21141	-98.10173	911
30.21141	-98.10173	911
30.21141	-98.10173	911
30.1967	-98.1053	754
30.16702	-97.98403	692
30.16701	-97.98497	529
30.16213	-97.99503	485
30.16213	-97.99503	485
30.16836	-98.0048	49
30.17261	-97.99809	255
30.15547	-97.99152	27
30.09714	-97.8778	956
30.09714	-97.8778	956
30.1543	-97.83417	940
30.1543	-97.83417	940
30.16719	-97.82928	4
30.16178	-97.82558	24
30.166	-97.8248	716
30.166	-97.8248	716
30.1683	-97.82512	458
30.1683	-97.82512	458
30.15314	-97.81683	470
30.15314	-97.81683	470
30.15423	-97.81686	523
30.1713	-97.81921	132
30.17468	-97.818	39
30.21686	-97.79651	680
30.22302	-97.79196	413
30.27813	-97.7711	116
30.27813	-97.7711	116
30.28807	-97.78404	237
30.28807	-97.78404	237
30.28807	-97.78404	237
30.29057	-97.78409	41
30.28358	-97.77542	457
30.28458	-97.76963	300
30.28828	-97.76871	241
30.28768	-97.76715	495
30.28768	-97.76715	495
30.49005	-97.72364	138
Route_15
30.44818	-97.81108	541
30.39927	-97.91333	104
30.39927	-97.91333	104
30.42213	-97.92526	284
30.4083	-97.92596	808
30.37863	-97.95646	96
30.37863	-97.95646	96
30.36666	-97.97894	542
30.3662	-97.97786	45
30.36761	-97.97823	415
30.3662	-97.97786	45
30.3662	-97.97786	45
30.34227	-97.97833	219
30.33575	-97.98936	179
30.21543	-97.95725	609
30.1926	-97.9659	812
30.1926	-97.9659	812
30.1926	-97.9659	812
30.1926	-97.9659	812
30.1926	-97.9659	812
30.18858	-97.96129	176
30.1926	-97.9659	812
30.15934	-97.93767	18
30.16127	-97.9378	303
30.17622	-97.93592	17
30.18442	-97.94444	678
30.18442	-97.94444	678
30.18442	-97.94444	678
30.17622	-97.93592	17
30.1928	-97.88476	93
30.19544	-97.8746	403
30.26431	-97.80671	314
30.26847	-97.81129	276
30.26847	-97.81129	276
30.2736	-97.81072	629
30.27649	-97.82494	136
30.27649	-97.82494	136
30.2518	-97.8568	725
30.2518	-97.8568	725
30.2518	-97.8568	725
30.17128	-97.84663	9
30.1685	-97.84266	332
30.1685	-97.84266	332
30.1791	-97.83574	633
30.19697	-97.83803	452
30.3089	-97.7629	369
30.30696	-97.76938	375
30.30243	-97.77206	530
30.30035	-97.78093	685
30.30222	-97.76861	547
30.30222	-97.76861	547
30.30222	-97.76861	547
30.3007	-97.76669	43
30.29443	-97.76615	171
30.29425	-97.76622	560
30.29443	-97.76615	171
30.28364	-97.75887	378
30.28364	-97.75887	378
30.28364	-97.75887	378
30.44076	-97.77373	952
Route_16
30.31829	-97.86351	778
30.34496	-97.87179	428
30.34974	-97.86314	379
30.34974	-97.86314	379
30.3317	-97.8693	881
30.3317	-97.8693	881
30.3317	-97.8693	881
30.3317	-97.8693	881
30.33088	-97.86968	482
30.33088	-97.86968	482
30.29203	-97.88393	648
30.29203	-97.88393	648
30.31135	-97.89484	574
30.31135	-97.89484	574
30.31135	-97.89484	574
30.31135	-97.89484	574
30.31135	-97.89484	574
30.31265	-97.89592	634
30.31265	-97.89592	634
30.3161	-97.8997	90
30.3161	-97.8997	90
30.3161	-97.8997	90
30.31576	-97.89904	568
30.31576	-97.89904	568
30.3074	-97.9381	847
30.3074	-97.9381	847
30.3074	-97.9381	847
30.3079	-97.93717	878
30.3079	-97.93717	878
30.3079	-97.93717	878
30.3079	-97.93717	878
30.31143	-97.93388	291
30.31048	-97.92299	26
30.31048	-97.92299	26
30.31048	-97.92299	26
30.31726	-97.91546	19
30.32389	-97.91304	436
30.19931	-97.97951	382
30.19701	-97.98966	693
30.19701	-97.98966	693
30.19701	-97.98966	693
30.19701	-97.98966	693
30.19701	-97.98966	693
30.19614	-97.98776	549
30.21052	-97.97946	408
30.21052	-97.97946	408
30.23429	-97.79296	781
30.23429	-97.79296	781
30.23429	-97.79296	781
30.23429	-97.79296	781
30.23429	-97.79296	781
30.23429	-97.79296	781
30.21517	-97.63718	62
30.25461	-97.6064	856
30.23744	-97.57351	161
30.23744	-97.57351	161
30.23384	-97.58926	12
30.45573	-97.60284	893
30.31829	-97.86351	778
Route_17
30.42616	-97.86035	612
30.37939	-97.92878	229
30.38043	-97.92757	201
30.38043	-97.92757	201
30.37547	-97.92581	489
30.37547	-97.92581	489
30.37547	-97.92581	489
30.36966	-97.92957	108
30.36966	-97.92957	108
30.36619	-97.94281	79
30.36619	-97.94281	79
30.38568	-97.9654	110
30.38568	-97.9654	110
30.38568	-97.9654	110
30.37904	-97.97196	526
30.38091	-97.97146	286
30.38091	-97.97146	286
30.38186	-97.97441	446
30.38186	-97.97441	446
30.378	-97.97966	606
30.378	-97.97966	606
30.37125	-97.9744	638
30.36857	-97.98069	435
30.3707	-97.9835	608
30.3707	-97.9835	608
30.35023	-97.98761	40
30.35023	-97.98761	40
30.35516	-97.98846	196
30.35516	-97.98846	196
30.35516	-97.98846	196
30.35516	-97.98846	196
30.34929	-97.96315	849
30.34929	-97.96315	849
30.35	-97.96471	891
30.35	-97.96471	891
30.35	-97.96471	891
30.35	-97.96471	891
30.41522	-97.89209	350
30.41522	-97.89209	350
30.41522	-97.89209	350
30.47919	-97.83322	906
30.47919	-97.83322	906
30.47919	-97.83322	906
30.48133	-97.83327	975
30.48074	-97.8323	944
30.47905	-97.81736	182
30.47939	-97.80745	213
30.53801	-97.81718	954
30.53801	-97.81718	954
30.53577	-97.81766	914
30.53577	-97.81766	914
30.5315	-97.82561	278
30.52787	-97.82765	336
30.52208	-97.81778	234
30.51845	-97.82173	68
30.51845	-97.82173	68
30.51531	-97.82015	304
30.51531	-97.82015	304
30.50822	-97.81872	572
30.42616	-97.86035	612
Route_18
30.43336	-97.77204	925
30.42863	-97.79515	20
30.42489	-97.80116	262
30.42489	-97.80116	262
30.42489	-97.80116	262
30.43627	-97.80392	695
30.43627	-97.80392	695
30.4374	-97.80673	636
30.44333	-97.79911	528
30.4406	-97.79931	668
30.44469	-97.80016	563
30.44469	-97.80016	563
30.44469	-97.80016	563
30.4465	-97.80561	877
30.4465	-97.80561	877
30.4465	-97.80561	877
30.4465	-97.80561	877
30.44908	-97.80013	441
30.4537	-97.80082	67
30.45482	-97.80394	659
30.45042	-97.80818	220
30.45042	-97.80818	220
30.45542	-97.80773	461
30.45769	-97.81089	334
30.45769	-97.81089	334
30.45911	-97.81657	55
30.4566	-97.81404	363
30.45284	-97.81934	152
30.45089	-97.81975	464
30.45523	-97.82723	892
30.45523	-97.82723	892
30.45523	-97.82723	892
30.45523	-97.82723	892
30.38507	-97.92594	627
30.38507	-97.92594	627
30.37458	-97.92094	1
30.37212	-97.9233	349
30.37212	-97.9233	349
30.3751	-97.92478	421
30.3751	-97.92478	421
30.3751	-97.92478	421
30.37292	-97.90003	524
30.37292	-97.90003	524
30.37111	-97.89992	260
30.37111	-97.89992	260
30.37111	-97.89992	260
30.37111	-97.89992	260
30.37176	-97.89856	625
30.43258	-97.83959	172
30.46848	-97.80136	945
30.46848	-97.80136	945
30.49173	-97.7992	236
30.49173	-97.7992	236
30.49186	-97.79113	266
30.49186	-97.79113	266
30.49186	-97.79113	266
30.48559	-97.7362	232
30.4884	-97.73077	752
30.4884	-97.73077	752
30.44399	-97.74314	959
Route_19
30.5095	-97.80486	249
30.52351	-97.82494	811
30.52891	-97.83397	819
30.51952	-97.83875	721
30.51952	-97.83875	721
30.49665	-97.92337	860
30.45528	-97.99459	115
30.45528	-97.99459	115
30.44934	-97.99425	454
30.44934	-97.99425	454
30.44934	-97.99425	454
30.44934	-97.99425	454
30.44539	-98.00556	177
30.44476	-98.00667	551
30.44476	-98.00667	551
30.44212	-98.00978	684
30.43979	-98.01443	309
30.42036	-98.02521	87
30.43321	-98.01978	83
30.43321	-98.01978	83
30.43093	-98.0191	536
30.43093	-98.0191	536
30.43169	-98.00018	311
30.42745	-98.00281	346
30.43789	-97.99659	148
30.38844	-98.00014	192
30.38844	-98.00014	192
30.52356	-97.7901	169
30.52356	-97.7901	169
30.52843	-97.78945	867
30.53392	-97.78058	831
30.55472	-97.75056	297
30.55472	-97.75056	297
30.55357	-97.75042	683
30.54748	-97.69671	802
30.4928	-97.68514	184
30.4928	-97.68514	184
30.4928	-97.68514	184
30.49336	-97.67533	859
30.48806	-97.6654	25
30.50338	-97.64295	185
30.50338	-97.64295	185
30.50338	-97.64295	185
30.51643	-97.60144	652
30.51643	-97.60144	652
30.51643	-97.60144	652
30.51587	-97.5963	69
30.50919	-97.59452	658
30.50919	-97.59452	658
30.5021	-97.60076	149
30.50102	-97.59853	517
30.50102	-97.59853	517
30.49411	-97.726	972
30.49879	-97.74377	261
30.49879	-97.74377	261
30.49879	-97.74377	261
30.49876	-97.74275	206
30.49876	-97.74275	206
30.49876	-97.74275	206
30.5095	-97.80486	249
