Route_0
47.36868	-122.29592	508
47.36868	-122.29592	508
47.36833	-122.29719	9
47.3617	-122.32192	57
47.3617	-122.32192	57
47.35134	-122.31676	23
47.32385	-122.32357	392
47.31837	-122.33245	390
47.31837	-122.33245	390
47.32689	-122.33277	312
47.34055	-122.33695	146
47.3305	-122.34811	400
47.33081	-122.3643	181
47.31854	-122.37935	2
47.31925	-122.42786	461
47.31925	-122.42786	461
47.31925	-122.42786	461
47.31925	-122.42786	461
47.31735	-122.42927	500
47.31297	-122.4167	552
47.31297	-122.4167	552
47.2974	-122.40497	85
47.28531	-122.39778	83
47.29147	-122.39084	293
47.28963	-122.39009	328
47.28963	-122.39009	328
47.28971	-122.38471	50
47.28971	-122.38471	50
47.28551	-122.3793	611
47.28551	-122.3793	611
47.28791	-122.37422	554
47.28791	-122.37422	554
47.27734	-122.36213	465
47.2498	-122.33896	638
47.2498	-122.33896	638
47.24137	-122.3178	445
47.24137	-122.3178	445
47.24137	-122.3178	445
47.22193	-122.33788	550
47.22625	-122.34926	393
47.23042	-122.38236	460
47.23042	-122.38236	460
47.23299	-122.39758	509
47.23299	-122.39758	509
47.50453	-122.16545	811
47.50606	-122.15724	779
47.53712	-122.11107	160
47.52937	-122.03634	828
47.52999	-122.03618	933
47.54104	-122.01418	411
47.54104	-122.01418	411
47.54184	-121.99862	466
47.5438	-121.99709	207
47.54793	-121.99664	756
47.55346	-121.99766	278
47.55268	-122.002	264
47.55268	-122.00103	132
47.54842	-122.00607	548
47.54842	-122.00607	548
47.58653	-121.96642	341
47.5745	-122.03384	454
47.56666	-122.01864	253
47.55726	-122.03536	343
47.55587	-122.02902	387
47.55587	-122.02902	387
47.54831	-122.03367	447
47.54151	-122.04816	984
47.54151	-122.04816	984
47.53498	-122.0718	185
47.48998	-122.07365	187
47.49084	-122.05988	459
47.49084	-122.05988	459
47.48907	-122.16138	732
47.48907	-122.16138	732
47.48155	-122.20881	775
47.3812	-122.26	940
Route_1
47.40961	-122.29904	915
47.28774	-122.31546	867
47.28141	-122.31618	669
47.27847	-122.30397	667
47.2632	-122.29968	430
47.26535	-122.28556	82
47.28679	-122.26503	639
47.28895	-122.27771	570
47.29335	-122.28404	368
47.29335	-122.28404	368
47.28603	-122.30044	681
47.29941	-122.24307	986
47.29941	-122.24307	986
47.23708	-122.21174	691
47.23708	-122.21174	691
47.22101	-122.19202	420
47.20889	-122.1769	618
47.20889	-122.1769	618
47.2063	-122.17308	619
47.20432	-122.17735	661
47.20432	-122.17735	661
47.20057	-122.18467	416
47.20057	-122.18467	416
47.1746	-122.18449	861
47.13889	-122.13406	258
47.16811	-122.14469	789
47.18618	-122.16644	118
47.18618	-122.16644	118
47.20005	-122.24481	780
47.20005	-122.24481	780
47.19308	-122.27606	809
47.16916	-122.26897	412
47.16916	-122.26897	412
47.15762	-122.26572	522
47.15066	-122.24196	8
47.12658	-122.28444	271
47.10456	-122.24745	545
47.10456	-122.24745	545
47.09274	-122.27076	396
47.0846	-122.27668	266
47.0846	-122.27668	266
47.0846	-122.27668	266
47.0846	-122.27668	266
47.08785	-122.2772	102
47.09109	-122.29944	248
47.08578	-122.30553	464
47.08578	-122.30553	464
47.0851	-122.30496	489
47.08384	-122.30925	462
47.08384	-122.30925	462
47.08526	-122.32618	5
47.09746	-122.30692	533
47.09578	-122.3034	884
47.09833	-122.30397	562
47.09833	-122.30397	562
47.11012	-122.32619	67
47.11012	-122.32619	67
47.11012	-122.32619	67
47.11487	-122.31492	29
47.12335	-122.32065	241
47.12335	-122.32065	241
47.1227	-122.3247	140
47.1227	-122.3247	140
47.11747	-122.33602	31
47.17586	-122.4001	273
47.18088	-122.39692	216
47.18088	-122.39692	216
47.18614	-122.39914	398
47.18614	-122.39914	398
47.18614	-122.39914	398
47.18614	-122.39914	398
47.18619	-122.40778	433
47.18619	-122.40778	433
47.19844	-122.40058	627
47.19844	-122.40058	627
47.19844	-122.40058	627
47.20531	-122.40052	268
47.20531	-122.40052	268
47.20531	-122.40052	268
47.20531	-122.40052	268
47.20615	-122.42121	864
47.19631	-122.42586	98
47.18437	-122.43448	802
47.17529	-122.45074	425
47.17529	-122.45074	425
47.17529	-122.45074	425
47.18463	-122.45069	371
47.19141	-122.45607	655
47.19074	-122.48326	911
47.4588	-122.2528	903
Route_2
47.31702	-122.26565	646
47.3316	-122.2674	672
47.3316	-122.2674	672
47.3316	-122.2674	672
47.34657	-122.27392	47
47.34079	-122.27876	225
47.34413	-122.28895	262
47.34413	-122.28895	262
47.33951	-122.29152	267
47.34139	-122.30105	926
47.31329	-122.31161	813
47.3012	-122.315	998
47.29029	-122.31416	841
47.24628	-122.44	449
47.24635	-122.44041	853
47.26128	-122.44361	480
47.26403	-122.45014	591
47.26781	-122.47276	172
47.26781	-122.47276	172
47.26514	-122.46382	694
47.26514	-122.46382	694
47.26203	-122.46102	354
47.26203	-122.46102	354
47.2599	-122.4612	692
47.25348	-122.46698	528
47.25273	-122.46697	574
47.25116	-122.45532	843
47.25053	-122.48218	349
47.25992	-122.48993	20
47.26952	-122.48806	824
47.28039	-122.49611	615
47.28039	-122.49611	615
47.27269	-122.51426	703
47.28509	-122.52241	195
47.27213	-122.53368	279
47.27213	-122.53368	279
47.27213	-122.53368	279
47.26682	-122.53214	585
47.26682	-122.53214	585
47.26391	-122.52869	381
47.26134	-122.51417	636
47.26134	-122.51417	636
47.25628	-122.51673	842
47.2556	-122.51932	950
47.25281	-122.53271	201
47.25281	-122.53271	201
47.25281	-122.53271	201
47.25281	-122.53271	201
47.2506	-122.52998	366
47.2506	-122.52998	366
47.24502	-122.53704	614
47.23888	-122.54503	664
47.23928	-122.56194	228
47.23928	-122.56194	228
47.23794	-122.54648	419
47.22739	-122.53616	924
47.22178	-122.54511	686
47.21606	-122.55724	452
47.21606	-122.55724	452
47.20744	-122.56099	483
47.20254	-122.56848	355
47.20315	-122.52997	294
47.20315	-122.52997	294
47.20315	-122.52997	294
47.20714	-122.50976	52
47.20714	-122.50976	52
47.2356	-122.51411	529
47.2356	-122.51411	529
47.2356	-122.51411	529
47.23281	-122.49211	346
47.22942	-122.47319	796
47.22466	-122.47541	735
47.21433	-122.47209	834
47.21433	-122.47209	834
47.21433	-122.47209	834
47.2208	-122.4654	849
47.2208	-122.4654	849
47.22812	-122.45811	227
47.22219	-122.45158	772
47.22219	-122.45158	772
47.20945	-122.42794	289
47.21538	-122.42812	478
47.22128	-122.42126	989
47.22128	-122.42126	989
47.2277	-122.42201	590
47.2277	-122.42201	590
47.23	-122.42612	593
47.23	-122.42612	593
47.44074	-122.21962	731
Route_3
47.55789	-122.312	617
47.5957	-122.3113	822
47.59521	-122.30565	348
47.59521	-122.30565	348
47.59861	-122.30098	873
47.60207	-122.31028	643
47.60207	-122.31028	643
47.60691	-122.31218	890
47.60926	-122.30956	584
47.60926	-122.30956	584
47.60868	-122.29756	572
47.61264	-122.29882	540
47.61264	-122.29882	540
47.61481	-122.30491	518
47.61852	-122.29987	415
47.63144	-122.28407	386
47.63144	-122.28407	386
47.63144	-122.28407	386
47.63144	-122.28407	386
47.64013	-122.2808	498
47.64141	-122.27929	495
47.64141	-122.27929	495
47.63581	-122.28376	65
47.63581	-122.28376	65
47.61301	-122.28547	598
47.59576	-122.29051	394
47.59576	-122.29051	394
47.59348	-122.29209	385
47.57901	-122.30801	569
47.57901	-122.30801	569
47.57675	-122.39085	120
47.57237	-122.37608	242
47.55614	-122.3776	340
47.55614	-122.3776	340
47.55371	-122.35783	305
47.54397	-122.36413	323
47.54397	-122.36413	323
47.54397	-122.36413	323
47.53392	-122.35542	838
47.53392	-122.35542	838
47.52896	-122.35505	297
47.52896	-122.35505	297
47.52896	-122.35505	297
47.52896	-122.35505	297
47.52888	-122.35778	236
47.51755	-122.35602	777
47.52177	-122.35957	801
47.5246	-122.3646	765
47.52814	-122.38742	575
47.52814	-122.38742	575
47.51705	-122.39285	649
47.51022	-122.3844	634
47.50643	-122.37532	486
47.50643	-122.37532	486
47.50217	-122.36837	167
47.50977	-122.35912	422
47.51198	-122.34715	342
47.51198	-122.34715	342
47.50856	-122.3461	404
47.50856	-122.3461	404
47.49408	-122.36192	441
47.49793	-122.35918	350
47.49167	-122.3433	384
47.5016	-122.33366	129
47.5016	-122.33366	129
47.508	-122.33479	191
47.51058	-122.33244	557
47.51058	-122.33244	557
47.50991	-122.32761	63
47.50498	-122.32739	490
47.50498	-122.32739	490
47.49981	-122.32653	403
47.49818	-122.30878	929
47.4905	-122.31803	450
47.49637	-122.3232	332
47.43781	-122.33244	32
47.45157	-122.36879	652
47.45157	-122.36879	652
47.45058	-122.37913	559
47.45058	-122.37913	559
47.46514	-122.36421	259
47.46514	-122.36421	259
47.47092	-122.33705	748
47.47085	-122.33484	879
47.47238	-122.29362	519
47.47238	-122.29362	519
47.47238	-122.29362	519
47.47266	-122.2895	630
47.47266	-122.2895	630
47.47394	-122.28516	717
47.48767	-122.28323	768
47.55459	-122.30714	436
Route_4
47.50077	-122.2727	220
47.50487	-122.26342	103
47.5062	-122.25584	318
47.49473	-122.22853	252
47.49473	-122.22853	252
47.49473	-122.22853	252
47.49473	-122.22853	252
47.48581	-122.2453	301
47.6585	-122.31287	723
47.66265	-122.30547	406
47.6626	-122.29763	696
47.66192	-122.29501	798
47.67174	-122.29024	563
47.67174	-122.29024	563
47.67222	-122.29166	157
47.67222	-122.29166	157
47.673	-122.29431	234
47.67514	-122.29641	688
47.67706	-122.28496	10
47.67853	-122.28366	505
47.67853	-122.28366	505
47.6773	-122.27796	662
47.6773	-122.27796	662
47.67743	-122.27691	199
47.67743	-122.27691	199
47.67476	-122.2761	42
47.6741	-122.27818	635
47.6741	-122.27818	635
47.66944	-122.27078	512
47.6695	-122.26342	286
47.6695	-122.26342	286
47.6695	-122.26342	286
47.67469	-122.26464	530
47.67469	-122.26464	530
47.67469	-122.26464	530
47.67926	-122.26224	448
47.68339	-122.27072	326
47.68339	-122.27072	326
47.68792	-122.27321	484
47.68255	-122.27656	551
47.68305	-122.28149	682
47.68788	-122.28529	316
47.68263	-122.28937	701
47.68263	-122.28937	701
47.6876	-122.29134	22
47.69413	-122.27534	196
47.69875	-122.29331	626
47.69315	-122.30386	468
47.69315	-122.30386	468
47.69315	-122.30386	468
47.69315	-122.30386	468
47.68847	-122.29905	684
47.69004	-122.30686	644
47.69004	-122.30686	644
47.69004	-122.30686	644
47.68894	-122.30962	893
47.68894	-122.30962	893
47.68961	-122.31114	243
47.68636	-122.31495	169
47.68546	-122.31214	568
47.68546	-122.31214	568
47.67827	-122.30065	698
47.67827	-122.30065	698
47.67799	-122.29957	616
47.67578	-122.30003	609
47.67383	-122.3125	455
47.67383	-122.3125	455
47.67079	-122.3122	313
47.67529	-122.31624	836
47.67471	-122.32546	26
47.67471	-122.32546	26
47.67085	-122.32561	221
47.67085	-122.32561	221
47.66466	-122.32809	793
47.66466	-122.32809	793
47.66161	-122.33963	977
47.65511	-122.34289	764
47.68263	-122.34403	704
47.68263	-122.34403	704
47.68164	-122.35546	955
47.67197	-122.35402	759
47.65244	-122.35535	886
47.65244	-122.35535	886
47.64504	-122.35346	673
47.63998	-122.35826	148
47.63998	-122.35826	148
47.64271	-122.36223	402
47.65255	-122.36312	367
47.65389	-122.3723	556
47.64838	-122.37636	825
47.64326	-122.37496	73
47.64326	-122.37496	73
47.62711	-122.36465	549
47.49644	-122.26501	566
Route_5
47.71174	-122.17967	936
47.71565	-122.19232	281
47.71993	-122.20062	693
47.7236	-122.20639	979
47.72112	-122.20206	62
47.72699	-122.20371	56
47.74	-122.19016	162
47.74493	-122.1816	576
47.74493	-122.1816	576
47.74318	-122.18374	956
47.74318	-122.18374	956
47.74707	-122.18137	564
47.74707	-122.18137	564
47.74869	-122.17928	152
47.74869	-122.17928	152
47.75371	-122.18396	117
47.75337	-122.1978	532
47.7619	-122.1951	760
47.76385	-122.19923	515
47.77586	-122.20598	72
47.77586	-122.20598	72
47.7639	-122.20842	976
47.7639	-122.20842	976
47.78095	-122.22172	458
47.78653	-122.22063	481
47.87983	-122.2703	492
47.88691	-122.27003	184
47.91314	-122.31783	30
47.91314	-122.31783	30
47.91837	-122.31445	296
47.91837	-122.31445	296
47.91837	-122.31445	296
47.90424	-122.29457	200
47.86883	-122.30717	142
47.86948	-122.31014	240
47.87458	-122.29496	321
47.87458	-122.29496	321
47.86746	-122.29354	432
47.86746	-122.29354	432
47.8611	-122.29125	676
47.84979	-122.28239	990
47.84619	-122.29529	957
47.84619	-122.29529	957
47.82864	-122.30799	769
47.82037	-122.33411	725
47.80249	-122.34338	205
47.80249	-122.34338	205
47.79334	-122.36427	442
47.79334	-122.34042	434
47.80619	-122.30356	922
47.80619	-122.30356	922
47.80603	-122.29167	807
47.81571	-122.26236	408
47.81294	-122.25782	629
47.81294	-122.25782	629
47.81112	-122.26011	114
47.80891	-122.25703	338
47.80792	-122.2737	53
47.79461	-122.2689	166
47.79461	-122.2689	166
47.79461	-122.2689	166
47.77887	-122.26377	288
47.77879	-122.26375	553
47.77744	-122.25296	11
47.77744	-122.25296	11
47.77699	-122.24734	144
47.77331	-122.2416	372
47.7794	-122.24071	607
47.76088	-122.23481	405
47.75676	-122.23802	870
47.75929	-122.24758	910
47.75921	-122.24895	814
47.70117	-122.30598	588
47.70029	-122.30564	347
47.69489	-122.31061	153
47.69356	-122.31215	112
47.70014	-122.31491	555
47.69563	-122.31715	975
47.70008	-122.32575	211
47.70008	-122.32575	211
47.70008	-122.32575	211
47.70008	-122.32575	211
47.70008	-122.32575	211
47.69314	-122.32436	438
47.69	-122.32699	218
47.68783	-122.32298	623
47.68783	-122.32298	623
47.6786	-122.324	806
47.67434	-122.32218	476
47.67227	-122.32644	451
47.66289	-122.32617	670
47.70853	-122.17758	724
Route_6
47.66864	-122.16862	544
47.66864	-122.16862	544
47.67338	-122.16858	546
47.67022	-122.16548	139
47.67022	-122.16548	139
47.69035	-122.16198	64
47.69035	-122.16198	64
47.71101	-122.16522	953
47.71101	-122.16522	953
47.72336	-122.16755	257
47.72336	-122.16755	257
47.72528	-122.16854	479
47.72582	-122.17146	423
47.72582	-122.17146	423
47.73217	-122.17404	837
47.73217	-122.17404	837
47.73108	-122.17483	872
47.73108	-122.17483	872
47.74366	-122.17381	579
47.74785	-122.17715	525
47.75401	-122.16595	705
47.75493	-122.15236	830
47.76251	-122.15339	718
47.7619	-122.13224	912
47.73468	-122.19581	426
47.73455	-122.21982	513
47.7473	-122.23561	336
47.7406	-122.23372	274
47.74013	-122.22784	689
47.74038	-122.22892	345
47.74038	-122.22892	345
47.73187	-122.22388	130
47.7308	-122.23582	78
47.7308	-122.23582	78
47.71475	-122.2551	435
47.70915	-122.2373	808
47.69998	-122.23749	175
47.70382	-122.23125	409
47.70382	-122.23125	409
47.69239	-122.20827	424
47.68814	-122.20702	94
47.66519	-122.19952	245
47.65872	-122.27186	183
47.66082	-122.27197	70
47.66159	-122.27583	633
47.66159	-122.27583	633
47.66129	-122.28037	439
47.66534	-122.2848	251
47.66578	-122.30179	901
47.66578	-122.30179	901
47.66515	-122.2997	932
47.63875	-122.2891	124
47.63875	-122.2891	124
47.63835	-122.30729	510
47.63835	-122.30729	510
47.63188	-122.30352	231
47.63188	-122.30352	231
47.63188	-122.30352	231
47.61824	-122.30881	602
47.61824	-122.30881	602
47.61824	-122.30881	602
47.61509	-122.31197	894
47.62112	-122.31522	151
47.62249	-122.31468	600
47.62249	-122.31468	600
47.62249	-122.31468	600
47.62249	-122.31468	600
47.62715	-122.3213	491
47.62004	-122.3211	938
47.62004	-122.3211	938
47.66776	-122.16919	524
Route_7
47.77146	-122.16729	401
47.77592	-122.16839	116
47.7846	-122.1946	97
47.79506	-122.18073	219
47.79902	-122.18017	107
47.79902	-122.18017	107
47.80006	-122.1769	537
47.7996	-122.17352	188
47.7996	-122.17352	188
47.7996	-122.17352	188
47.7996	-122.17352	188
47.80483	-122.1838	648
47.80483	-122.1838	648
47.80483	-122.1838	648
47.82161	-122.16839	246
47.8259	-122.18411	154
47.81574	-122.08638	284
47.86119	-122.12766	37
47.89605	-122.09891	337
47.89605	-122.09891	337
47.89135	-122.15139	111
47.88355	-122.16179	265
47.88355	-122.16179	265
47.87978	-122.16341	573
47.87978	-122.16341	573
47.88006	-122.16563	197
47.88006	-122.16563	197
47.88006	-122.16563	197
47.8916	-122.16318	164
47.89528	-122.15498	59
47.88326	-122.16778	3
47.87823	-122.15857	170
47.87731	-122.16551	963
47.87731	-122.16551	963
47.8495	-122.17743	60
47.84354	-122.17636	171
47.84266	-122.17582	620
47.84266	-122.17582	620
47.84413	-122.19302	678
47.84781	-122.22893	186
47.85976	-122.2319	683
47.8471	-122.23702	233
47.84722	-122.25095	308
47.85751	-122.26362	226
47.85751	-122.26362	226
47.85729	-122.25682	596
47.88241	-122.24295	761
48.07205	-122.14767	695
48.07205	-122.14767	695
48.09127	-122.14661	315
48.09127	-122.14661	315
48.09127	-122.14661	315
48.11174	-122.15838	364
48.08881	-122.16079	133
47.94637	-122.20517	100
47.94616	-122.21845	499
47.94333	-122.23806	238
47.93196	-122.24015	209
47.90567	-122.24276	992
47.90567	-122.24276	992
47.90626	-122.24071	741
47.90626	-122.24071	741
47.89645	-122.22214	847
47.89853	-122.20607	927
47.911	-122.19747	159
47.911	-122.19747	159
47.90848	-122.19337	45
47.90848	-122.19337	45
47.90848	-122.19337	45
47.90558	-122.19092	339
47.90558	-122.19092	339
47.90934	-122.18681	625
47.90934	-122.18681	625
47.87827	-122.18052	770
47.87695	-122.18718	707
47.87559	-122.19644	507
47.87559	-122.19644	507
47.87559	-122.19644	507
47.87859	-122.20615	749
47.87029	-122.20493	567
47.87029	-122.20493	567
47.86173	-122.22109	971
47.85097	-122.21834	746
47.81133	-122.21632	443
47.81827	-122.22483	138
47.81892	-122.22843	75
47.81892	-122.22843	75
47.82045	-122.23516	503
47.81928	-122.23932	601
47.8185	-122.23836	77
47.8185	-122.23836	77
47.80232	-122.24173	474
47.80232	-122.24173	474
47.79982	-122.24329	653
47.79982	-122.24329	653
47.79253	-122.22331	156
47.79294	-122.21313	803
47.75959	-122.1623	79
Route_8
47.46337	-122.17936	641
47.45611	-122.15461	13
47.45366	-122.13047	322
47.45435	-122.12133	137
47.45435	-122.12133	137
47.45063	-122.12012	61
47.44354	-122.14141	469
47.44354	-122.14141	469
47.44354	-122.14141	469
47.44354	-122.14141	469
47.44598	-122.14632	232
47.44365	-122.14849	87
47.42779	-122.15922	344
47.42909	-122.1623	49
47.43522	-122.16829	374
47.42326	-122.18658	360
47.4181	-122.19519	758
47.41116	-122.1792	128
47.41116	-122.1792	128
47.40356	-122.17553	34
47.40356	-122.17553	34
47.40052	-122.16196	290
47.3864	-122.15793	558
47.38976	-122.08094	74
47.38334	-122.09701	299
47.35849	-122.1078	821
47.35677	-122.11334	787
47.36178	-122.14417	84
47.36178	-122.14417	84
47.36693	-122.14679	96
47.36693	-122.14679	96
47.39001	-122.18191	331
47.39001	-122.18191	331
47.39001	-122.18191	331
47.39114	-122.17435	595
47.39114	-122.17435	595
47.39728	-122.17402	135
47.39728	-122.17402	135
47.35189	-122.16588	182
47.36006	-122.16786	980
47.36006	-122.16786	980
47.3652	-122.17384	176
47.3652	-122.17384	176
47.36661	-122.18648	869
47.36661	-122.18648	869
47.36413	-122.18741	628
47.3735	-122.2009	898
47.37227	-122.20152	930
47.36664	-122.20917	493
47.37752	-122.23131	720
47.35049	-122.22557	931
47.32671	-122.22106	961
47.32671	-122.22106	961
47.30644	-122.22675	708
47.30523	-122.22287	383
47.30151	-122.22573	774
47.30151	-122.22573	774
47.30623	-122.11709	697
47.34453	-122.09844	632
47.34453	-122.09844	632
47.34125	-122.0471	113
47.33929	-122.03632	571
47.35347	-121.99994	527
47.35347	-121.99994	527
47.35347	-121.99994	527
47.3503	-122.00502	174
47.35444	-122.0129	658
47.35478	-122.01747	421
47.35527	-122.02488	523
47.35747	-122.05422	921
47.36875	-122.05768	520
47.36875	-122.05768	520
47.37105	-122.05455	224
47.37105	-122.05455	224
47.37062	-122.05066	427
47.46432	-122.13535	885
47.46902	-122.16409	535
47.48092	-122.19686	310
47.47152	-122.21119	805

